-177.2122417607718
-254.60237122445253
-239.17377811488822
19.093547230546676
-340.6920851976473
-220.19212471889136
-215.47914622459183
-83.27511975593279
95.09005557495344
-272.64375832762084
-166.10264815983922
-269.4539451406149
-261.912396959446
-133.6204892515449
-360.157074464938
-214.8129721882376
-141.04458923628818
-76.27856265623745
0.49941287666322864
-214.91552230309685
180.76710129439704
166.55154856810503
167.3498756121888
185.87557514835902
149.5455493372462
174.32636065570063
194.10515833054498
201.42714451594094
200.573890523683
169.12173788725812
-14.840833251061097
23.014698434126554
-46.79678841076553
-7.980360992926602
31.357071409701202
-15.44108686001926
-14.806905359036442
-18.7592009494638
-45.201854778182955
-12.671192243139172
-18.1864574515388
